<TRANSP> 5 a1
0.000000e+00 1.000000e+00 0.000000e+00 0.000000e+00 0.000000e+00 
0.000000e+00 3.771155e-01 6.228845e-01 0.000000e+00 0.000000e+00 
0.000000e+00 0.000000e+00 7.209600e-01 2.790401e-01 0.000000e+00 
0.000000e+00 0.000000e+00 0.000000e+00 6.577078e-01 3.422922e-01 
0.000000e+00 0.000000e+00 0.000000e+00 0.000000e+00 0.000000e+00
<TRANSP> 3 b1
0.000000e+00 1.000000e+00 0.000000e+00
0.000000e+00 9.588912e-01 4.110880e-02 
0.000000e+00 0.000000e+00 0.000000e+00
<TRANSP> 4 c1
0.000000e+00 1.000000e+00 0.000000e+00 0.000000e+00  
0.000000e+00 8.989010e-01 1.010990e-01 0.000000e+00 
0.000000e+00 0.000000e+00 5.848860e-02 9.415114e-01 
0.000000e+00 0.000000e+00 0.000000e+00 0.000000e+00
